Motif	Sig	p-value	# sample	# background	Enrichment
box_1_3_CCwGGs	0.0323292706963	1.13712136128	153	1626	0.941
Meme_4_w5	14.4511601466	1.69165605672e-14	145	882	1.644
Meme_4_w6	1.64973836997	0.0452632742931	20	126	1.587
Meme_4_w7	0.387445349393	0.627481248964	1	5	2.000
Meme_4_w8	0.721160655767	0.326731167225	1	2	5.000
>Improbizer_CTTCCTG	6.2272814958	1.75966760964e-06	218	1908	1.143
Meme_3_w6	7.68739703746	6.29041154755e-08	12	19	6.316
>Improbizer_CTCCGGCCGCC	1.56916608669	0.052855475558	95	810	1.173
BioProspector_w8_4	0.632653588977	0.390316239246	156	1503	1.038
box_1_6_GCGCG	2.78438045527	0.00402518299333	104	827	1.258
BioProspector_w9_5	0.00152012058053	1.1355532481	167	1837	0.909
BioProspector_w9_4	1.70678892962	0.0405269141525	173	1583	1.093
BioProspector_w9_3	1.16864341386	0.123080400853	178	1675	1.063
BioProspector_w9_2	0.000769428055384	1.11801748231	179	1957	0.915
BioProspector_w9_1	0.00559188587208	1.15863785681	177	1901	0.931
box_1_5_CCCwGkG	1.2610848922	0.103308924385	159	1471	1.081
BioProspector_w8_2	0.00314070860778	1.13793970831	174	1886	0.923
>Improbizer_TGGTTCCCC	3.19209434683	0.00165709776759	214	1961	1.091
BioProspector_w7_5	0.0202285667454	1.14773044025	200	2081	0.961
BioProspector_w7_4	0.00505416282824	1.146344638	215	2234	0.962
BioProspector_w7_1	0.00790420229873	1.15942799123	212	2203	0.962
BioProspector_w7_3	1.84456797655e-05	1.10107682875	187	2075	0.901
BioProspector_w7_2	0.000847770609467	1.12424004973	212	2231	0.950
box_1_10_sTGGGGCCys	2.59859791917	0.0058800208511	83	639	1.299
box_1_10_srGyTGs	0.32954408113	0.705941377302	154	1529	1.007
Meme_8_w6	19.5548077929	2.02341289941e-19	69	225	3.067
Meme_3_w9	Inf	0.0	4	3	13.333
Meme_1_w8	18.9268565831	8.28402606896e-19	137	730	1.877
>Improbizer_CAGGAAGA	15.6460931956	1.26501254219e-15	212	1593	1.331
Motif.8.2	11.8971359384	5.39960886016e-12	116	672	1.726
Meme_5_w6	2.10973443327	0.0172997156944	33	218	1.514
box_1_10_GGGCnGGAn	0.970347330176	0.190772625201	138	1284	1.075
box_1_9_mrGGAAnCs	8.19862540067	2.06766140034e-08	178	1371	1.298
box_1_7_CysCnkCC	11.753464335	7.3568834939e-12	167	1159	1.441
Meme_1_w6	10.204219653	2.31079036865e-10	204	1617	1.262
>Improbizer_GGAAGTG	5.7483079863	5.07106286355e-06	229	2076	1.103
box_1_2_CGsnsCG	3.27715687768e-09	1.02083332563	177	2075	0.853
Meme_3_w10	2.04039796388	0.0200663369625	41	288	1.424
box_1_7_CCksnTC	2.33631287232	0.0103854171724	140	1204	1.163
Motif.8.7	0.22702061824	0.842085844129	65	661	0.983
box_1_2_CCGnkyysC	1.33358388294e-10	1.01030927804	202	2262	0.893
box_1_4_GGCGG	0.553848591935	0.460108777124	163	1584	1.029
box_1_9_rGsnsCnGCC	1.88478061754	0.0280823896826	105	886	1.185
Motif.6.6	1.57575148359e-06	1.06521352638	145	1748	0.830
Motif.6.4	9.85829886509	4.8503064543e-10	125	796	1.570
Motif.6.5	0.000259327721344	1.11297158297	85	1080	0.787
Meme_6_w10	0.483249317034	0.532379573531	4	29	1.379
Motif.6.3	0.0385931100743	1.14225563413	127	1365	0.930
Motif.6.1	20.3675661531	3.36317843487e-20	170	1015	1.675
Motif.10.10	2.73755984919	0.00442803661426	79	596	1.326
Motif.8.8	0.00338084308103	1.14400074399	83	999	0.831
Motif.7.6	13.1151959695	3.41670454474e-13	112	615	1.821
box_1_6_GksAnGs	0.713581704254	0.329591897532	180	1738	1.036
box_1_1_GGGArss	2.67778135601	0.00495902871399	208	1912	1.088
box_1_4_nnGnTTCC	7.7572669016	5.4406228391e-08	167	1266	1.319
box_1_10_mkGrAkCC	2.9358609267	0.00291273209967	158	1355	1.166
Motif.6.2	2.73668972963	0.00438280844046	130	1082	1.201
Meme_7_w9	16.9789035142	6.23503100303e-17	114	568	2.007
Meme_10_w8	0.185719605149	0.887511469231	1	10	1.000
Meme_2_w10	16.1411527333	4.1650902956e-16	82	341	2.405
Meme_10_w5	28.037072455	1.19975441656e-27	170	895	1.899
Meme_10_w6	0.266428917842	0.780347862564	29	291	0.997
Meme_10_w7	0.229158431763	0.844067293854	3	30	1.000
box_1_5_sCwGksms	0.26816111128	0.782998971475	171	1711	0.999
box_1_7_CAGGAArnrn	31.5433352271	1.12189145442e-30	94	280	3.357
box_1_6_nkGnTkCCn	7.81342493471	4.85779794864e-08	174	1339	1.299
box_1_3_nAGGAAGn	24.1898675552	7.03260153314e-24	166	913	1.818
Meme_8_w5	1.23505818736	0.107619759882	69	585	1.179
Meme_1_w9	26.8826588428	1.60500816427e-26	135	604	2.235
Meme_8_w7	0.284901827471	0.759013404032	2	17	1.176
Meme_1_w7	24.0835913645	8.5096383971e-24	205	1340	1.530
box_1_8_GCTsTsC	0.361327529376	0.661209114755	147	1453	1.012
Meme_1_w5	28.037072455	1.2854511606e-27	170	895	1.899
box_1_3_GAsCG	1.26027956604e-12	0.999999999997	194	2301	0.843
BioProspector_w5_3	3.0194707058e-08	1.03703696494	194	2182	0.889
BioProspector_w5_2	0.027799054153	1.13485925213	112	1228	0.912
BioProspector_w5_1	4.25673556978e-07	1.05376240801	193	2156	0.895
BioProspector_w5_5	8.91095652315e-09	1.0315789262	192	2176	0.882
BioProspector_w5_4	1.90786795458e-06	1.07103354628	157	1851	0.848
box_1_4_rsnGGArGs	9.92471450622	4.2381749052e-10	193	1492	1.294
>Improbizer_GGGTCCT	0.0152852472741	1.15379054586	236	2381	0.991
box_1_9_TCCCy	1.68073467679	0.0425843636191	216	2053	1.052
Meme_7_w5	14.4511601466	1.73394745814e-14	145	882	1.644
Motif.9.5	13.6079917478	1.12407649847e-13	64	250	2.560
Motif.9.4	19.7634471157	1.29967752148e-19	87	335	2.597
Motif.9.7	1.60504321248	0.0491561277555	42	315	1.333
Motif.9.6	18.3575197426	2.77571348285e-18	81	310	2.613
Motif.9.1	23.9750908036	1.03785163077e-23	112	463	2.419
box_1_2_CTTCC	21.1971082481	5.41277515833e-21	200	1330	1.504
Motif.9.3	13.9587465026	5.13168840685e-14	78	340	2.294
Motif.9.2	35.8214400964	7.39189830825e-35	86	212	4.057
box_1_8_GCCkG	0.000948770740723	1.13047561157	196	2100	0.933
Motif.7.5	28.1955545281	1.24940011989e-27	120	476	2.521
box_1_6_GnGAnGss	0.0611656086263	1.12007440906	169	1758	0.961
Motif.9.9	1.27351584001	0.102362305659	58	479	1.211
Motif.9.8	2.57472578808	0.00613919400223	77	585	1.316
Meme_9_w9	1.27871244494	0.102146208891	3	9	3.333
Meme_9_w8	18.153437929	4.30197779096e-18	106	489	2.168
box_1_6_GskkGrmGss	0.0669508473294	1.11257238643	188	1937	0.971
>Improbizer_CCAGCTC	1.20071938898	0.11538594326	228	2217	1.028
BioProspector_w10_4	0.0054258990299	1.15218148117	173	1865	0.928
BioProspector_w10_5	0.116709586625	1.00544939313	165	1693	0.975
BioProspector_w10_2	0.410489834244	0.604499146477	178	1756	1.014
BioProspector_w10_3	0.31389868281	0.715328860882	169	1682	1.005
BioProspector_w10_1	0.187276284146	0.896791416506	130	1323	0.983
Meme_3_w5	28.037072455	1.38433201911e-27	170	895	1.899
Meme_3_w7	14.9488534074	5.95937808994e-15	124	684	1.813
Meme_5_w8	Inf	0.0	1	0	Inf
box_1_7_GsCwCT	0.0115586100207	1.15668077451	177	1884	0.939
box_1_6_CTkCsG	0.32445967448	0.703432558221	142	1410	1.007
Meme_3_w8	3.15059176429	0.00179959004432	13	49	2.653
Meme_5_w5	28.037072455	1.4996930207e-27	170	895	1.899
>Improbizer_CTCTCCA	0.616679023899	0.401508773983	211	2069	1.020
box_1_1_ssTTCC	1.72849536274	0.0389612475819	231	2231	1.035
Meme_4_w10	2.79936864069	0.00393786061173	5	10	5.000
box_1_5_GGmGGG	1.7824128766	0.0347824561432	154	1381	1.115
box_1_2_CnnTnCCTCy	11.6702760864	8.72446385274e-12	167	1161	1.438
Meme_7_w7	1.01128713068	0.17520336486	4	18	2.222
Meme_7_w6	9.626121666	7.99293740314e-10	50	205	2.439
box_1_8_CwCnsnGnGs	0.215758157766	0.851863240278	131	1325	0.989
box_1_5_CTGGG	0.0345761512051	1.13836830611	205	2114	0.970
box_1_7_CCCGC	0.053787134027	1.12447088864	178	1849	0.963
box_1_7_rGGArGkGs	14.921348631	6.18192659237e-15	150	920	1.630
box_1_3_ksnTTCC	12.3785286671	1.82185953745e-12	204	1563	1.305
box_1_10_wTCCCG	0.0591817055152	1.1178484656	128	1358	0.943
box_1_4_yynnrCnTCC	9.64951426001	7.7066734214e-10	186	1419	1.311
Meme_9_w7	0.126834641865	0.988916707151	1	13	0.769
Meme_9_w6	0.549165046191	0.461221749821	18	155	1.161
box_1_8_sCGsGkss	4.75169765355e-06	1.07691129417	188	2097	0.897
Meme_9_w5	14.4511601466	1.77840764938e-14	145	882	1.644
box_1_8_wGwsAG	0.411927843062	0.607320883695	140	1374	1.019
Motif.10.2	30.2845721552	1.45407188131e-29	75	187	4.011
Motif.10.3	9.96717492902	3.91459991658e-10	70	339	2.065
Motif.10.1	23.1037319613	7.35029577359e-23	60	153	3.922
Motif.10.6	1.90349741619	0.0271966959312	26	167	1.557
Motif.10.7	0.775924194133	0.293166170836	31	261	1.188
Motif.10.4	6.84551995753	4.30350941259e-07	56	288	1.944
Motif.10.5	4.65059161534	6.08600016199e-05	48	271	1.771
family_1	0.135875886355	0.98180972425	143	1469	0.973
Motif.10.8	0.048698633518	1.12313727115	12	160	0.750
Motif.10.9	2.34700797304	0.0102506085042	58	424	1.368
box_1_9_CsCCwCC	5.07499732147	2.32273894192e-05	150	1180	1.271
BioProspector_w8_3	0.0824870344165	1.08063188562	150	1561	0.961
BioProspector_w8_1	0.207796988747	0.86146962681	185	1863	0.993
box_1_9_AGGCTCys	3.27040451206e-09	1.0155440338	131	1697	0.772
Motif.8.1	40.6119266947	1.59664410521e-39	123	390	3.154
box_1_3_yCCynCCTs	0.451844418539	0.567612331649	187	1841	1.016
Motif.8.3	11.3384508512	1.79818849993e-11	98	532	1.842
Motif.8.4	10.372168313	1.59986896829e-10	134	867	1.546
Motif.8.5	8.5948966564	8.4432063471e-09	114	727	1.568
Motif.8.6	3.38277051474	0.00109711925416	49	311	1.576
Meme_5_w9	0.32889334922	0.701602982406	1	6	1.667
box_1_5_synGGsmrGG	1.88342429032	0.0278640315821	160	1436	1.114
box_1_1_sCGnrsCGsn	4.25871261323e-07	1.05945842055	206	2247	0.917
Meme_4_w9	5.9953416188	2.91343638607e-06	85	540	1.574
Meme_7_w10	0.185719605149	0.893717843141	1	10	1.000
box_1_2_CGGnGC	6.40416842526e-09	1.02617799534	182	2107	0.864
Motif.5.1	21.1971082481	5.6588103928e-21	200	1330	1.504
BioProspector_w6_4	9.29590412415e-06	1.08284974995	171	1951	0.876
BioProspector_w6_5	1.53303958996e-12	1.00512820512	192	2221	0.864
BioProspector_w6_1	1.16175317925e-05	1.08885976111	124	1525	0.813
BioProspector_w6_2	1.501381997e-05	1.09493421385	155	1806	0.858
BioProspector_w6_3	2.18219724478e-07	1.04812781559	177	2040	0.868
Motif.5.2	28.037072455	1.63602874985e-27	170	895	1.899
Meme_2_w8	31.2013569895	2.05469721134e-30	192	1075	1.786
Meme_2_w9	18.9021596061	8.46639384534e-19	169	1031	1.639
Meme_2_w6	25.745655403	2.07086480375e-25	203	1287	1.577
Meme_2_w7	15.3485885263	2.43986077075e-15	107	537	1.993
BioProspector_w8_5	0.731193679245	0.322094974391	192	1860	1.032
Meme_2_w5	1.23505818736	0.108644709976	69	585	1.179
box_1_5_nGnnCCwGG	0.414403257115	0.613688101162	155	1524	1.017
box_1_8_GGCTsmGsC	0.934567821668	0.205288807002	152	1429	1.064
box_1_4_CGssCG	0.645990811577	0.381774810761	115	1090	1.055
>Improbizer_CGCGGGACGGCCGCGCGCGG	6.02497845485	2.76186733622e-06	69	406	1.700
box_1_1_CsCAGnsrG	3.57317172558e-08	1.04255310571	202	2235	0.904
Meme_1_w10	20.5173780974	2.48122833594e-20	158	895	1.765
box_1_1_CCCGG	0.0284217586566	1.14027193844	151	1611	0.937
Motif.7.2	1.62886777647	0.0470069657882	145	1300	1.115
Motif.7.1	28.8937650714	2.78130419279e-28	134	573	2.339
box_1_10_GGAGG	3.94745346858	0.000303025895035	198	1742	1.137
Motif.7.7	0.216982747766	0.855575861667	75	764	0.982
Motif.7.3	11.3691952062	1.70948299539e-11	145	948	1.530
>Improbizer_GCAGGGGGCGGC	3.24953571895	0.00147115722513	149	1247	1.195
Motif.7.4	29.2567038599	1.35663252344e-28	153	724	2.113
box_1_9_AGGAAG	18.8932030718	8.35471702345e-19	166	1001	1.658
box_1_1_sCGnnCsG	3.90897672601e-05	1.10724496791	136	1618	0.841
box_1_4_nGCCwGG	0.0514820697354	1.12316174636	164	1716	0.956
Motif.5.3	0.132062836623	0.983729963929	155	1589	0.975
Meme_5_w10	5.20090022921	1.76302228589e-05	25	99	2.525
Motif.5.5	0.414017176502	0.609280403092	172	1695	1.015
Motif.5.4	0.0362265519566	1.14122803659	167	1757	0.950
box_1_2_CCCCyGGG	1.2610848922	0.104311923651	159	1471	1.081
Meme_6_w5	10.5982840789	9.69174137235e-11	173	1251	1.383
Meme_6_w6	7.93226265561	3.755463806e-08	67	351	1.909
Meme_6_w7	0.387445349393	0.6324220462	1	5	2.000
box_1_3_CCwGGsynys	0.185604285593	0.881624769951	192	1937	0.991
