Motif	Sig	p-value	# sample	# background	Enrichment
box_1_3_CCwGGs	12.1039773902	1.15991733798e-12	153	1009	1.516
Meme_4_w5	5.06190094084	1.08950827256e-05	145	1130	1.283
Meme_4_w6	1.79871180699e-12	1.03157894736	20	619	0.323
Meme_4_w7	2.54974668007e-09	1.04255318537	1	173	0.058
Meme_4_w8	0.0132953411373	1.09878981987	1	33	0.303
>Improbizer_CTTCCTG	25.9698207081	2.23515430183e-26	218	1481	1.472
Meme_3_w6	2.85923093833e-13	0.999999999999	12	538	0.223
>Improbizer_CTCCGGCCGCC	30.3709782304	1.05596798081e-30	95	294	3.231
BioProspector_w8_4	73.2449152172	1.23907714005e-72	156	396	3.939
box_1_6_GCGCG	47.2990098482	2.05118572689e-47	104	244	4.262
BioProspector_w9_5	72.9408539074	2.24596075829e-72	167	466	3.584
BioProspector_w9_4	65.5304299678	3.39920363279e-65	173	554	3.123
BioProspector_w9_3	64.7923503829	1.5807955068e-64	178	597	2.982
BioProspector_w9_2	82.4202031522	1.86205681416e-81	179	493	3.631
BioProspector_w9_1	67.6937042157	2.64521268425e-67	177	569	3.111
box_1_5_CCCwGkG	12.1811682953	9.78394144567e-13	159	1067	1.490
BioProspector_w8_2	82.970915904	1.04787667095e-81	174	457	3.807
>Improbizer_TGGTTCCCC	46.5930787824	9.80860200453e-47	214	1130	1.894
BioProspector_w7_5	51.6149064916	1.16028779263e-51	200	912	2.193
BioProspector_w7_4	45.1167010751	2.82669614512e-45	215	1161	1.852
BioProspector_w7_1	54.8684344149	7.58147333989e-55	212	1011	2.097
BioProspector_w7_3	70.8344849993	2.20712901358e-70	187	625	2.992
BioProspector_w7_2	53.3896013304	2.10315433916e-53	212	1027	2.064
box_1_10_sTGGGGCCys	28.1901558696	1.4540553851e-28	83	241	3.444
box_1_10_srGyTGs	19.9343488734	1.99987267561e-20	154	867	1.776
Meme_8_w6	2.40367387022	0.00480569633729	69	520	1.327
Meme_3_w9	0.00156178691629	1.09717090438	4	108	0.370
Meme_1_w8	9.17031482029	9.5263481854e-10	137	925	1.481
>Improbizer_CAGGAAGA	38.8334873216	4.49354169484e-39	212	1204	1.761
Motif.8.2	4.75004874832	2.20571926348e-05	116	859	1.350
Meme_5_w6	0.000257669009599	1.08824303747	33	512	0.645
box_1_10_GGGCnGGAn	36.0756398305	2.35243807982e-36	138	530	2.604
box_1_9_mrGGAAnCs	50.9067851679	5.52100609977e-51	178	710	2.507
box_1_7_CysCnkCC	36.8726060467	3.86492536707e-37	167	756	2.209
Meme_1_w6	9.00374046102	1.34013209442e-09	204	1649	1.237
>Improbizer_GGAAGTG	24.7246600535	3.80911674616e-25	229	1675	1.367
box_1_2_CGsnsCG	82.8937108244	8.34495486772e-82	177	477	3.711
Meme_3_w10	2.25840555381	0.00667322092607	41	280	1.464
box_1_7_CCksnTC	25.7925189829	3.3266988127e-26	140	658	2.128
Motif.8.7	0.186793037872	0.754355965065	65	671	0.969
box_1_2_CCGnkyysC	84.2313162086	1.15064104737e-82	202	658	3.070
box_1_4_GGCGG	65.6088619687	3.01490838773e-65	163	483	3.375
box_1_9_rGsnsCnGCC	29.7469883806	4.17819211082e-30	105	360	2.917
Motif.6.6	59.0513777412	5.61715795401e-59	145	407	3.563
Motif.6.4	13.3506406994	6.67335266137e-14	125	722	1.731
Motif.6.5	1.02486262903	0.112862481353	85	755	1.126
Meme_6_w10	0.0769343235584	0.965768033667	4	57	0.702
Motif.6.3	62.4952274007	2.3209453071e-62	127	289	4.394
Motif.6.1	9.24268309866	8.12257792126e-10	170	1255	1.355
Motif.10.10	16.6440207775	3.64649366319e-17	79	315	2.508
Motif.8.8	26.8722013796	2.85934700958e-27	83	250	3.320
Motif.7.6	7.05828468064	1.14256293583e-07	112	749	1.495
box_1_6_GksAnGs	21.2509189931	1.01838811611e-21	180	1103	1.632
box_1_1_GGGArss	54.0929269773	4.2768830026e-54	208	973	2.138
box_1_4_nnGnTTCC	27.2120701985	1.33642122161e-27	167	878	1.902
box_1_10_mkGrAkCC	37.8948719712	3.84123381616e-38	158	668	2.365
Motif.6.2	7.62902523775	3.13266171041e-08	130	900	1.444
Meme_7_w9	29.6562266073	5.08874323813e-30	114	420	2.714
Meme_10_w8	0.0498075210049	1.0160617522	1	21	0.476
Meme_2_w10	17.2856243833	8.60497634363e-18	82	328	2.500
Meme_10_w5	9.17015620894	9.19893119139e-10	170	1257	1.352
Meme_10_w6	0.00178992152583	1.10279016292	29	428	0.678
Meme_10_w7	0.011807263848	1.0899604984	3	68	0.441
box_1_5_sCwGksms	20.3173540333	8.50313470745e-21	171	1026	1.667
box_1_7_CAGGAArnrn	46.8925162195	5.12322903823e-47	94	199	4.724
box_1_6_nkGnTkCCn	47.3240182777	1.97760674973e-47	174	709	2.454
box_1_3_nAGGAAGn	41.4922338661	1.08791311361e-41	166	698	2.378
Meme_8_w5	4.39877973869e-13	1.00512820513	69	1395	0.495
Meme_1_w9	24.0754875212	1.6809023116e-24	135	639	2.113
Meme_8_w7	1.22420670132e-05	1.06518736495	2	122	0.164
Meme_1_w7	20.5895230797	4.62707451773e-21	205	1403	1.461
box_1_8_GCTsTsC	23.964569118	2.12660560078e-24	147	742	1.981
Meme_1_w5	9.17015620894	9.26325938154e-10	170	1257	1.352
box_1_3_GAsCG	57.6457158107	1.30335086241e-57	194	793	2.446
BioProspector_w5_3	40.5658165345	9.02791632538e-41	194	973	1.994
BioProspector_w5_2	37.6906293682	6.05456251352e-38	112	343	3.265
BioProspector_w5_1	58.7040070743	1.17418102333e-58	193	774	2.494
BioProspector_w5_5	53.1742461584	3.28057462694e-53	192	816	2.353
BioProspector_w5_4	43.0029252676	3.41551304259e-43	157	610	2.574
box_1_4_rsnGGArGs	47.5601954262	1.17301296818e-47	193	883	2.186
>Improbizer_GGGTCCT	17.7884102977	2.72684160641e-18	236	1937	1.218
box_1_9_TCCCy	21.3880551825	7.49578482604e-22	216	1534	1.408
Meme_7_w5	5.06190094084	1.09653735818e-05	145	1130	1.283
Motif.9.5	0.0121066693895	1.09546915499	64	765	0.837
Motif.9.4	9.59328290096	3.64966164284e-10	87	476	1.828
Motif.9.7	4.18769160884	8.00142498871e-05	42	235	1.787
Motif.9.6	22.5906923467	4.93132417245e-23	81	271	2.989
Motif.9.1	29.3816079506	9.46563316302e-30	112	409	2.738
box_1_2_CTTCC	30.0936291105	1.95048197833e-30	200	1182	1.692
Motif.9.3	11.5145416009	4.43997681175e-12	78	374	2.086
Motif.9.2	24.8009581455	3.22869255942e-25	86	283	3.039
box_1_8_GCCkG	26.9064079074	2.67181738655e-27	196	1185	1.654
Motif.7.5	13.7596459526	2.62220575656e-14	120	671	1.788
box_1_6_GnGAnGss	27.7822743221	3.63573099528e-28	169	889	1.901
Motif.9.9	11.7482995688	2.6112695482e-12	58	232	2.500
Motif.9.8	33.571370202	7.10647364261e-34	77	180	4.278
Meme_9_w9	0.360371139165	0.508833446455	3	24	1.250
Meme_9_w8	22.2518797335	1.06546481659e-22	106	439	2.415
box_1_6_GskkGrmGss	46.8749828616	5.22761030501e-47	188	841	2.235
>Improbizer_CCAGCTC	30.0757358406	2.00773494634e-30	228	1568	1.454
BioProspector_w10_4	72.3517007109	7.26731716522e-72	173	510	3.392
BioProspector_w10_5	63.8369068735	1.24057024901e-63	165	508	3.248
BioProspector_w10_2	75.6747565124	6.90793605253e-75	178	525	3.390
BioProspector_w10_3	72.4641194855	6.11989401049e-72	169	482	3.506
BioProspector_w10_1	54.583978756	1.41897523068e-54	130	344	3.779
Meme_3_w5	9.17015620894	9.32849360253e-10	170	1257	1.352
Meme_3_w7	0.000469953430819	1.09378783012	124	1457	0.851
Meme_5_w8	1.93842629312e-06	1.05945473069	1	114	0.088
box_1_7_GsCwCT	20.254792387	9.73297620625e-21	177	1089	1.625
box_1_6_CTkCsG	49.3911042877	1.76986145022e-49	142	450	3.156
Meme_3_w8	1.2303371982e-12	1.02617801047	13	676	0.192
Meme_5_w5	9.17015620894	9.39465313163e-10	170	1257	1.352
>Improbizer_CTCTCCA	6.80035636469	2.05552498193e-07	211	1800	1.172
box_1_1_ssTTCC	43.8017181544	5.62568262296e-44	231	1417	1.630
Meme_4_w10	2.04514807465	0.0108372824464	5	14	3.571
box_1_5_GGmGGG	34.3308038442	1.25351451459e-34	154	673	2.288
box_1_2_CnnTnCCTCy	20.018938158	1.66050225567e-20	167	991	1.685
Meme_7_w7	7.97557212191e-09	1.048128323	4	236	0.169
Meme_7_w6	0.489764093783	0.382282035276	50	469	1.066
box_1_8_CwCnsnGnGs	18.9561921401	1.86898554315e-19	131	678	1.932
box_1_5_CTGGG	20.4300041034	6.62001971431e-21	205	1406	1.458
box_1_7_CCCGC	58.736379253	1.12389784911e-58	178	643	2.768
box_1_7_rGGArGkGs	33.3384343982	1.19883774947e-33	150	651	2.304
box_1_3_ksnTTCC	29.8848742798	3.07824866049e-30	204	1233	1.655
box_1_10_wTCCCG	39.843025863	4.61211760956e-40	128	428	2.991
box_1_4_yynnrCnTCC	32.193814606	1.65054691454e-32	186	997	1.866
Meme_9_w7	0.000195365408754	1.08238591224	1	72	0.139
Meme_9_w6	1.0493811491e-12	1.02083333333	18	574	0.314
box_1_8_sCGsGkss	63.4443285924	2.8183016203e-63	188	689	2.729
Meme_9_w5	5.06190094084	1.10365773064e-05	145	1130	1.283
box_1_8_wGwsAG	1.54720831235e-05	1.07100009546	140	1670	0.838
Motif.10.2	16.2373706616	9.22529575831e-17	75	293	2.560
Motif.10.3	36.5682011149	7.67725322793e-37	70	137	5.109
Motif.10.1	8.52363446063	4.02039528455e-09	60	289	2.076
Motif.10.6	2.66617120618	0.00264219509819	26	147	1.769
Motif.10.7	0.567251383336	0.321751621169	31	277	1.119
Motif.10.4	7.59886672035	3.31285999557e-08	56	275	2.036
Motif.10.5	4.78754317235	2.03616630613e-05	48	268	1.791
family_1	70.30492273	6.93753689388e-70	143	337	4.243
Motif.10.8	0.403868981442	0.463095561726	12	108	1.111
Motif.10.9	23.5647581654	5.28660098067e-24	58	141	4.113
box_1_9_CsCCwCC	21.7635824463	3.24818147981e-22	150	801	1.873
BioProspector_w8_3	74.2393930735	1.61348509491e-73	150	357	4.202
BioProspector_w8_1	64.938367407	1.18887190304e-64	185	652	2.837
box_1_9_AGGCTCys	7.61124225375	3.24154535258e-08	131	910	1.440
Motif.8.1	40.4736471242	1.0976343681e-40	123	391	3.146
box_1_3_yCCynCCTs	43.202171743	2.19733514157e-43	187	871	2.147
Motif.8.3	15.2181885621	9.48762468309e-16	98	469	2.090
Motif.8.4	17.199299374	1.03222756227e-17	134	732	1.831
Motif.8.5	5.38945649104	5.22526294088e-06	114	818	1.394
Motif.8.6	0.0504604535378	1.02046827453	49	561	0.873
Meme_5_w9	2.6118651778e-07	1.05376280712	1	132	0.076
box_1_5_synGGsmrGG	31.1158410454	1.94950476405e-31	160	762	2.100
box_1_1_sCGnrsCGsn	80.3605692363	1.70890071213e-79	206	721	2.857
Meme_4_w9	14.3994872118	6.10321810134e-15	85	384	2.214
Meme_7_w10	0.00862034000312	1.09174965547	1	37	0.270
box_1_2_CGGnGC	63.8110453131	1.26182612997e-63	182	636	2.862
Motif.5.1	30.0936291105	1.97486300306e-30	200	1182	1.692
BioProspector_w6_4	73.7401374791	4.4568560301e-73	171	488	3.504
BioProspector_w6_5	65.053735499	9.62161704309e-65	192	711	2.700
BioProspector_w6_1	39.1768049214	2.07066861294e-39	124	407	3.047
BioProspector_w6_2	51.1103219905	3.53562035262e-51	155	527	2.941
BioProspector_w6_3	61.3020467925	3.2590274927e-61	177	615	2.878
Motif.5.2	9.17015620894	9.46175779686e-10	170	1257	1.352
Meme_2_w8	24.0615321236	1.71825949784e-24	192	1186	1.619
Meme_2_w9	14.2989162838	7.63396346754e-15	169	1122	1.506
Meme_2_w6	17.2641113053	8.96598080217e-18	203	1443	1.407
Meme_2_w7	10.4069560794	5.64626274128e-11	107	625	1.712
BioProspector_w8_5	64.6822840882	1.85160908221e-64	192	714	2.689
Meme_2_w5	4.39877973869e-13	1.01030927835	69	1395	0.495
box_1_5_nGnnCCwGG	16.8928698518	2.07300738473e-17	155	930	1.667
box_1_8_GGCTsmGsC	39.3684931369	1.35322884028e-39	152	605	2.512
box_1_4_CGssCG	53.1801957888	3.31891152742e-53	115	271	4.244
>Improbizer_CGCGGGACGGCCGCGCGCGG	27.8104217576	3.44628858568e-28	69	171	4.035
box_1_1_CsCAGnsrG	61.6115291752	1.65321332966e-61	202	835	2.419
Meme_1_w10	19.3930534972	6.8945310819e-20	158	914	1.729
box_1_1_CCCGG	64.7597874916	1.62274128361e-64	151	411	3.674
Motif.7.2	37.2812411599	1.53087633198e-37	145	571	2.539
Motif.7.1	16.2063872402	9.82759262975e-17	134	749	1.789
box_1_10_GGAGG	31.0152628298	2.42604380813e-31	198	1145	1.729
Motif.7.7	0.000111789022896	1.07664590857	75	993	0.755
Motif.7.3	14.4511601466	5.46125183667e-15	145	882	1.644
>Improbizer_GCAGGGGGCGGC	51.5085853633	1.44684303407e-51	149	482	3.091
Motif.7.4	44.1440999912	2.60472765083e-44	153	569	2.689
box_1_9_AGGAAG	26.2702071739	1.13126916286e-26	166	882	1.882
box_1_1_sCGnnCsG	62.3327276137	3.25364695038e-62	136	337	4.036
box_1_4_nGCCwGG	15.1926758587	9.9818184718e-16	164	1052	1.559
Motif.5.3	62.7194091145	1.43837991085e-62	155	448	3.460
Meme_5_w10	5.52752503829e-13	1.01554404145	25	829	0.302
Motif.5.5	35.4280132645	1.03034924717e-35	172	818	2.103
Motif.5.4	21.4849631487	6.05322834939e-22	167	966	1.729
box_1_2_CCCCyGGG	45.7376771993	6.89565505571e-46	159	601	2.646
Meme_6_w5	21.6126420903	4.55433195266e-22	173	1024	1.689
Meme_6_w6	6.2874416126	6.65228536209e-07	67	384	1.745
Meme_6_w7	2.27653438506e-09	1.0370370316	1	174	0.057
box_1_3_CCwGGsynys	35.0321160735	2.52817714759e-35	192	1022	1.879
