chr	start	end	length	summit	tags	X.10.log10.pvalue	fold_enrichment	FDR	start+summit-150bp	start+summit+150bp
chr17	39979846	39985874	6029	1360	6198	3100	5.49	100	39981056	39981356
chr1	24618274	24623121	4848	2260	3240	2372.25	3.07	100	24620384	24620684
chr7	25668951	25670087	1137	349	187	1807.16	60.76	100	25669150	25669450
chr8	87223496	87224293	798	415	162	1389.68	56.57	100	87223761	87224061
chr17	36368106	36368714	609	143	134	1187.96	40.83	100	36368099	36368399
chrX	166434540	166436592	2053	1012	246	1123.44	14.67	100	166435402	166435702
chr4	79648297	79651205	2909	2559	812	1113.01	5.45	100	79650706	79651006
chr17	27691945	27693740	1796	551	140	1088.24	40.12	100	27692346	27692646
chr9	57819489	57820617	1129	780	129	1044.74	34.63	100	57820119	57820419
chr5	135739524	135741105	1582	1089	163	1012.89	47.13	90	135740463	135740763
chr7	89919388	89920654	1267	1120	172	998.5	22.49	81.82	89920358	89920658
chr2	152614416	152615700	1285	290	132	928.74	34.05	75	152614556	152614856
chr3	5860528	5860925	398	174	157	925.71	18.03	69.23	5860552	5860852
chr15	74766462	74767677	1216	736	129	924.82	56.18	64.29	74767048	74767348
chr14	34002201	34003817	1617	1051	132	903.59	44	73.33	34003102	34003402
chr17	35653169	35654281	1113	650	96	824.65	44.9	75	35653669	35653969
chr9	103390471	103392005	1535	593	139	811.43	37.4	70.59	103390914	103391214
chr4	140539031	140540021	991	565	98	795	54.71	72.22	140539446	140539746
chr10	79620986	79623327	2342	278	145	793.3	28.29	68.42	79621114	79621414
chr8	125190210	125192543	2334	1895	150	759.01	25.32	65	125191955	125192255
chr15	78402785	78404193	1409	535	134	758.92	21.33	61.9	78403170	78403470
chr6	114824660	114825567	908	555	100	757.06	44	59.09	114825065	114825365
chr5	147072469	147073032	564	400	173	754.45	10.19	56.52	147072719	147073019
chr11	108872653	108873699	1047	583	301	727.93	13.04	54.17	108873086	108873386
chr4	144957155	144957915	761	250	87	722.61	50.28	52	144957255	144957555
chr17	52740059	52741775	1717	634	96	722.2	55	50	52740543	52740843
chr13	29049621	29051970	2350	639	120	721.76	32.43	48.15	29050110	29050410
chr17	45755717	45757075	1359	710	101	721.16	42.78	46.43	45756277	45756577
chr8	73276033	73277595	1563	1295	114	711.94	30.38	44.83	73277178	73277478
chr6	134847549	134848941	1393	898	134	710.87	28.72	43.33	134848297	134848597
chr11	5737292	5738371	1080	479	86	705.65	41.06	41.94	5737621	5737921
chr9	114690153	114691411	1259	592	102	700.23	23.05	40.62	114690595	114690895
chr7	91031864	91033239	1376	1080	92	699.1	34.32	39.39	91032794	91033094
chr19	6397474	6400244	2771	1154	137	689.66	22.92	38.24	6398478	6398778
chr9	71980573	71981780	1208	313	85	683.6	46.23	37.14	71980736	71981036
chr14	55045389	55046240	852	337	82	676.34	56.22	36.11	55045576	55045876
chr7	7230290	7231458	1169	583	90	657.91	33	35.14	7230723	7231023
chr8	20019706	20020658	953	723	85	656.86	51.25	34.21	20020279	20020579
chr17	36002602	36004641	2040	162	126	651.7	18.7	33.33	36002614	36002914
chr10	59630773	59632498	1726	1323	122	647.73	21.18	32.5	59631946	59632246
chr15	57965918	57967107	1190	1003	86	644.37	36.66	31.71	57966771	57967071
chr18	10725248	10725843	596	298	62	642.79	71.5	30.95	10725396	10725696
chr15	79880352	79881072	721	375	78	641.83	37.74	32.56	79880577	79880877
chr15	8518148	8519749	1602	1235	107	639.84	50.19	31.82	8519233	8519533
chr15	98314265	98315491	1227	905	88	636.48	52.7	31.11	98315020	98315320
chr19	8893386	8895581	2196	395	102	634.73	30.29	30.43	8893631	8893931
chr14	21748067	21749322	1256	405	89	621.02	48.89	29.79	21748322	21748622
chr11	75228475	75229233	759	297	82	618.46	43.08	29.17	75228622	75228922
chr2	22443770	22446264	2495	1016	1210	615.25	3.82	28.57	22444636	22444936
chr10	127961025	127963359	2335	913	115	603.93	25.67	30	127961788	127962088
chr1	182780423	182781484	1062	421	107	598.11	21.39	29.41	182780694	182780994
chr10	68257979	68258894	916	394	67	593.3	53.16	28.85	68258223	68258523
chr15	99082060	99082918	859	473	72	592.45	53.96	28.3	99082383	99082683
chr8	86271431	86273322	1892	501	115	588.39	27.5	27.78	86271782	86272082
chr12	52792641	52793638	998	484	65	585.97	49.07	27.27	52792975	52793275
chr11	35691635	35692946	1312	210	73	573.42	47.56	26.79	35691695	35691995
chr4	135732987	135734857	1871	327	112	565.14	21.46	26.32	135733164	135733464
chr11	98319846	98321427	1582	888	105	564.13	28.41	25.86	98320584	98320884
chr10	80140564	80141612	1049	550	79	562.67	31.93	25.42	80140964	80141264
chr12	27153794	27155032	1239	372	70	551.34	45.13	25	27154016	27154316
chr11	88000871	88001774	904	435	77	549.52	32.47	24.59	88001156	88001456
chr5	121028484	121030476	1993	303	116	546.78	27.51	24.19	121028637	121028937
chr19	53603091	53605016	1926	311	86	544.1	33.17	23.81	53603252	53603552
chr15	59478774	59481007	2234	424	110	543.43	26.96	23.44	59479048	59479348
chr1	133903976	133905331	1356	949	80	541.41	38.74	23.08	133904775	133905075
chr12	103995567	103996610	1044	458	70	540.89	48.89	22.73	103995875	103996175
chr19	4148329	4149262	934	242	81	539.32	31.16	22.39	4148421	4148721
chr7	30879658	30880482	825	320	77	536.44	31.16	22.06	30879828	30880128
chr2	33627826	33628731	906	345	68	534.39	55.73	21.74	33628021	33628321
chr4	139294162	139295310	1149	525	79	533.5	35.44	21.43	139294537	139294837
chr10	128002655	128003749	1095	570	83	531.07	42.95	21.13	128003075	128003375
chr4	133181140	133182455	1316	765	102	530.84	19.8	20.83	133181755	133182055
chr14	26278082	26281226	3145	1757	107	529.13	17.05	20.55	26279689	26279989
chr4	40894988	40895925	938	562	80	527.59	36.66	20.27	40895400	40895700
chr17	28827721	28829739	2019	676	89	527.33	28.69	20	28828247	28828547
chr1	90173471	90175416	1946	723	237	526.78	19.7	19.74	90174044	90174344
chrX	166431791	166434395	2605	342	228	524.22	8.15	19.48	166431983	166432283
chr11	69793508	69795080	1573	629	90	518.8	25.21	19.23	69793987	69794287
chr16	17530461	17531499	1039	786	85	518.42	37.25	18.99	17531097	17531397
chr12	56490231	56491336	1106	679	81	517.63	45.04	18.75	56490760	56491060
chr2	173160473	173162029	1557	349	95	517.51	21.8	18.52	173160672	173160972
chr2	151805450	151806632	1183	464	100	517.41	38	18.29	151805764	151806064
chr16	94747773	94748911	1139	960	65	516.24	30.08	18.07	94748583	94748883
chr5	140252765	140253657	893	379	94	514.78	28.2	17.86	140252994	140253294
chr5	32714646	32716392	1747	953	98	513.87	31.43	17.65	32715449	32715749
chr10	95170315	95171180	866	469	83	511.52	24.2	17.44	95170634	95170934
chr7	88357025	88358831	1807	384	86	510.51	27.32	17.24	88357259	88357559
chr4	105581691	105582623	933	421	70	509.28	30.55	17.05	105581962	105582262
chr7	29166805	29167477	673	269	74	506.47	31.98	16.85	29166924	29167224
chr1	133422802	133424122	1321	1076	74	505.79	29.03	16.67	133423728	133424028
chr6	133984898	133986453	1556	413	76	501.05	28.69	17.58	133985161	133985461
chr5	116473781	116474954	1174	725	71	495.42	35.25	17.39	116474356	116474656
chr2	126500272	126501861	1590	944	74	494.28	44	17.2	126501066	126501366
chr8	125950681	125952801	2121	1701	93	493.86	18.15	17.02	125952232	125952532
chr8	129281488	129282543	1056	611	69	493.12	36.66	16.84	129281949	129282249
chr5	125519772	125521256	1485	925	104	493.03	28.6	16.67	125520547	125520847
chr11	120434168	120435128	961	415	70	490.02	26.89	16.49	120434433	120434733
chr12	78338794	78340445	1652	1280	71	489.63	30.28	16.33	78339924	78340224
chr19	47805122	47806499	1378	626	66	486.82	40.74	16.16	47805598	47805898
chr11	94850603	94851468	866	529	71	486.73	47.14	16	94850982	94851282
chr10	99949349	99950495	1147	649	63	486.23	34.73	15.84	99949848	99950148
chr16	57391502	57391952	451	231	116	485.57	12.9	15.69	57391583	57391883
chr2	180171334	180172388	1055	711	77	484.77	20.81	15.53	180171895	180172195
chr13	13920193	13921244	1052	234	67	482.74	28.2	15.38	13920277	13920577
chr2	151367784	151368504	721	427	59	474.69	48	15.24	151368061	151368361
chr11	95694944	95696191	1248	820	85	474.62	29.33	15.09	95695614	95695914
chr2	38863145	38863960	816	432	61	471.94	47.53	14.95	38863427	38863727
chr4	19501993	19502607	615	230	50	470.87	56.83	14.81	19502073	19502373
chr11	82683338	82685006	1669	328	67	469.87	27.74	14.68	82683516	82683816
chr8	124866593	124868081	1489	1275	75	468.96	39.6	14.55	124867718	124868018
chr10	80791294	80793265	1972	883	112	468.38	19.03	14.41	80792027	80792327
chr15	97923181	97924294	1114	522	69	468.12	32.74	14.29	97923553	97923853
chr17	17761151	17763032	1882	293	77	467.48	24.15	14.16	17761294	17761594
chr19	32462099	32464556	2458	830	89	466.68	20	14.04	32462779	32463079
chr19	3935066	3936802	1737	943	88	466.54	24.06	13.91	3935859	3936159
chr1	133151313	133151903	591	172	57	465.5	37.89	13.79	133151335	133151635
chr10	90644032	90644720	689	406	59	464.57	39.11	13.68	90644288	90644588
chr1	58448965	58450802	1838	655	79	463.65	39	13.56	58449470	58449770
chr11	98802682	98804538	1857	619	110	462.15	17.6	13.45	98803151	98803451
chr11	117126474	117128290	1817	1020	81	460.99	27.32	13.33	117127344	117127644
chr1	133844647	133845219	573	329	58	460.86	39.92	13.22	133844826	133845126
chr3	130808823	130811108	2286	1030	110	460.48	19.25	13.11	130809703	130810003
chr17	29531983	29532827	845	597	69	460.1	31.84	13.01	29532430	29532730
chr11	69694550	69695293	744	287	58	459.81	38.02	12.9	69694687	69694987
chr13	85266038	85267290	1253	708	421	456.86	5.31	12.8	85266596	85266896
chr3	86027369	86028662	1294	310	74	456.68	35.44	12.7	86027529	86027829
chr2	165065163	165066367	1205	301	62	455.86	41.36	12.6	165065314	165065614
chr11	102417235	102417949	715	412	52	454.02	41.94	12.5	102417497	102417797
chr9	96337698	96339426	1729	936	119	453.08	16.14	12.4	96338484	96338784
chr7	107641094	107642293	1200	342	72	449.22	26.02	13.08	107641286	107641586
chr10	62113289	62114597	1309	922	79	446.42	27.5	12.98	62114061	62114361
chr10	13684121	13685684	1564	658	73	444.8	23.47	12.88	13684629	13684929
chr10	17442063	17444466	2404	1336	93	444.72	15.51	12.78	17443249	17443549
chr5	97425785	97426903	1119	415	70	443.3	37.27	12.69	97426050	97426350
chr9	44689248	44691001	1754	335	76	442.13	22.81	12.59	44689433	44689733
chr5	31209641	31210748	1108	644	65	441.83	35.95	12.5	31210135	31210435
chr16	24392493	24394308	1816	869	75	441.76	16.3	12.32	24393212	24393512
chr3	51905654	51907533	1880	796	78	441.76	18.38	12.41	51906300	51906600
chr2	156888794	156890375	1582	580	85	441.08	29.33	12.23	156889224	156889524
chr8	125188824	125190056	1233	546	80	440.23	33.84	12.14	125189220	125189520
chr11	72420304	72422260	1957	1700	75	440.08	24.44	12.06	72421854	72422154
chr8	19784395	19785227	833	255	57	439.74	24.93	11.97	19784500	19784800
chr15	38228738	38230109	1372	303	68	439.67	39.11	11.89	38228891	38229191
chr14	26276756	26277778	1023	491	58	438.22	47.75	11.81	26277097	26277397
chr9	118059077	118059602	526	325	43	436.91	53.34	11.72	118059252	118059552
chr12	66273217	66273956	740	494	52	436.27	46.66	11.64	66273561	66273861
chr17	7031820	7033089	1270	839	96	434.19	15.89	11.56	7032509	7032809
chr10	82612225	82612985	761	523	62	431.97	30.19	11.49	82612598	82612898
chr4	137465220	137465903	684	410	56	431.73	39.11	11.41	137465480	137465780
chr2	173367108	173367946	839	542	61	430.68	30.75	11.33	173367500	173367800
chr4	57968157	57969746	1590	948	77	429.36	14.91	11.26	57968955	57969255
chr11	69445876	69447148	1273	406	63	428.7	34.11	11.18	69446132	69446432
chr5	129525222	129526917	1696	665	66	428.34	25.09	11.11	129525737	129526037
chr11	59475332	59476153	822	526	58	427.47	45.83	11.04	59475708	59476008
chr4	132568865	132569840	976	448	62	427.45	36.66	10.97	132569163	132569463
chr19	7568291	7569538	1248	648	67	426.52	26.79	10.9	7568789	7569089
chrX	166424274	166426001	1728	757	153	425.53	9.82	10.83	166424881	166425181
chr16	33751531	33752072	542	347	60	424.66	26.89	10.76	33751728	33752028
chr13	68720529	68721553	1025	468	60	423.57	29.33	10.69	68720847	68721147
chr5	22915606	22916579	974	386	67	423.53	30.38	10.62	22915842	22916142
chr7	135018520	135020638	2119	1163	93	423.17	24.42	10.56	135019533	135019833
chr2	90419190	90421632	2443	1835	87	422.78	18.33	10.49	90420875	90421175
chr5	141112607	141113500	894	601	63	421.58	29.1	10.43	141113058	141113358
chr10	80391333	80392762	1430	240	70	419.91	28.2	10.37	80391423	80391723
chr7	107755574	107757018	1445	632	68	417.92	26.4	10.3	107756056	107756356
chr2	132110400	132111687	1288	343	84	417.83	26.89	10.24	132110593	132110893
chr14	25598459	25599320	862	487	64	417.76	25.46	10.18	25598796	25599096
chr5	141082167	141083900	1734	374	78	417.62	20.23	10.12	141082391	141082691
chr15	103088571	103089319	749	502	67	416.53	21.18	10.06	103088923	103089223
chr16	16870643	16871510	868	320	51	415.96	41.36	10	16870813	16871113
chr5	32760765	32761765	1001	552	63	415.85	26.89	9.94	32761167	32761467
chr5	123599296	123600486	1191	414	68	415.52	23.61	9.88	123599560	123599860
chr5	104121160	104122861	1702	725	73	414.97	20.13	9.83	104121735	104122035
chr12	106835000	106835969	970	485	66	414.65	28.28	9.77	106835335	106835635
chr17	23862803	23864165	1363	499	66	413.69	23.47	9.71	23863152	23863452
chr5	123794062	123795610	1549	281	68	413.67	36.66	9.66	123794193	123794493
chr2	156137503	156138716	1214	295	63	413.18	22	9.6	156137648	156137948
chr10	8237666	8238993	1328	446	75	412.93	33.43	9.55	8237962	8238262
chr9	56920807	56921878	1072	285	60	412.7	24.93	9.5	56920942	56921242
chr16	10784244	10786764	2521	2003	89	412.16	15.51	9.44	10786097	10786397
chr5	138071882	138073180	1299	682	75	410.95	27.24	9.39	138072414	138072714
chr7	29156375	29158162	1788	238	78	410.01	18.33	9.34	29156463	29156763
chr4	133368820	133370612	1793	444	85	409.58	18.86	9.29	133369114	133369414
chr14	71249323	71250419	1097	836	71	409.56	32.18	9.24	71250009	71250309
chr5	24413641	24414980	1340	734	65	408.18	16.13	9.19	24414225	24414525
chr1	174241187	174243016	1830	892	92	407.69	12.52	9.14	174241929	174242229
chr11	114712004	114713791	1788	251	80	407.06	24.44	9.09	114712105	114712405
chr9	57678888	57679794	907	478	55	407.06	42.78	9.04	57679216	57679516
chr2	118324701	118325699	999	396	71	405.82	19.21	8.99	118324947	118325247
chr3	89233954	89234779	826	369	53	405.29	38.19	8.95	89234173	89234473
chr18	35019397	35020533	1137	170	65	403.54	24.44	8.9	35019417	35019717
chr9	70503960	70505557	1598	1261	62	402.89	25.09	8.85	70505071	70505371
chr13	85428467	85429431	965	435	53	399.7	29.33	8.81	85428752	85429052
chr6	38383283	38385117	1835	547	74	399.3	23.47	8.76	38383680	38383980
chr17	74926882	74928600	1719	388	71	399.21	20.53	8.72	74927120	74927420
chr12	72115894	72116892	999	376	53	398.22	26.83	8.67	72116120	72116420
chr14	28241648	28243098	1451	648	59	397.9	23.47	8.63	28242146	28242446
chr2	31625062	31625889	828	441	57	397.31	43.72	8.59	31625353	31625653
chr15	36722866	36724619	1754	1443	74	390.35	23.08	9.05	36724159	36724459
chr6	55288745	55289996	1252	450	62	390.28	32.92	9	55289045	55289345
chr13	8869734	8870814	1081	656	58	389.78	41.06	8.96	8870240	8870540
chr14	32344881	32345675	795	255	58	389.73	34.51	8.91	32344986	32345286
chr16	23283467	23285491	2025	938	96	389.54	21.08	8.87	23284255	23284555
chr17	71351075	71352176	1102	586	61	388.85	20.95	8.82	71351511	71351811
chr7	80682354	80683034	681	321	48	387.68	30.55	8.78	80682525	80682825
chr2	29744770	29746500	1731	383	61	387.6	25.6	8.74	29745003	29745303
chr16	4541582	4542226	645	383	56	386.7	28.38	8.7	4541815	4542115
chr3	145710587	145712452	1866	1630	80	385.74	20.78	8.65	145712067	145712367
chr7	90013928	90015127	1200	879	52	385.58	27.74	8.61	90014657	90014957
chr17	29534889	29535568	680	266	57	385.26	27.75	8.53	29535005	29535305
chr8	47937627	47938366	740	334	56	385.26	25.88	8.53	47937811	47938111
chr11	116713798	116715450	1653	1298	79	384.42	19.9	8.49	116714946	116715246
chr1	88338525	88339937	1413	192	81	381.89	13.82	8.45	88338567	88338867
chr17	34258995	34259947	953	727	62	379.75	22	8.41	34259572	34259872
chr7	25395075	25396713	1639	578	83	379.46	16.5	8.37	25395503	25395803
chr8	127816979	127817874	896	490	73	379.23	29.33	8.33	127817319	127817619
chr1	89652240	89653070	831	480	50	379.1	30.29	8.29	89652570	89652870
chr1	36364531	36365722	1192	467	75	379.02	17.5	8.26	36364848	36365148
chr11	44283428	44284499	1072	600	61	378.83	28.11	8.22	44283878	44284178
chr14	69902090	69903601	1512	1066	65	378.12	27.5	8.18	69903006	69903306
chr9	58045013	58047640	2628	1281	94	377.85	12.02	8.14	58046144	58046444
chr17	65962633	65963722	1090	690	57	377.54	26.4	8.11	65963173	65963473
chr11	59989955	59990874	920	369	58	377.27	28.39	8.07	59990174	59990474
chr3	105489846	105490892	1047	683	64	375.67	28.28	8.04	105490379	105490679
chr13	73964509	73965557	1049	622	64	375.19	28.28	8	73964981	73965281
chr1	180248079	180249400	1322	1080	67	375.1	16.56	7.96	180249009	180249309
chr9	14169521	14170623	1103	507	59	374.83	23.47	7.93	14169878	14170178
chr8	122637538	122638954	1417	369	63	374.58	22	7.89	122637757	122638057
chr17	28344402	28345843	1442	295	82	374.04	18.71	7.86	28344547	28344847
chr1	66862410	66863593	1184	439	67	372.21	22	7.83	66862699	66862999
chr15	78394269	78395280	1012	288	64	371.11	36.15	7.79	78394407	78394707
chr6	117856414	117858349	1936	433	69	371.06	20.46	7.76	117856697	117856997
chr17	45569938	45571320	1383	756	62	370.97	22	7.73	45570544	45570844
chr8	123962973	123964953	1981	1610	93	370.92	19.07	7.69	123964433	123964733
chr7	108256505	108257163	659	467	50	369.81	24.16	7.66	108256822	108257122
chr3	95462258	95463701	1444	418	68	369.5	25.29	7.63	95462526	95462826
chr13	58503754	58504858	1105	190	49	369.18	23.47	7.59	58503794	58504094
chr15	5066053	5067050	998	262	62	368	27.18	7.53	5066165	5066465
chr5	152170866	152171928	1063	665	62	368	22.27	7.53	152171381	152171681
chr5	76733051	76734535	1485	830	61	367.9	22	7.5	76733731	76734031
chr18	65589821	65591091	1271	388	59	366.81	26.94	7.47	65590059	65590359
chr1	130497718	130498485	768	570	50	366.25	30.44	7.44	130498138	130498438
chr1	135989349	135990963	1615	657	82	366.02	20.04	7.41	135989856	135990156
chr9	57817382	57818409	1028	427	79	365.49	20.78	7.38	57817659	57817959
chr11	88860219	88861083	865	428	51	364.67	44	7.35	88860497	88860797
chr7	73362873	73363746	874	641	58	364.61	18.89	7.32	73363364	73363664
chr4	46598555	46599221	667	385	46	364.36	34.42	7.29	46598790	46599090
chr16	20651429	20652247	819	258	65	362.96	28.53	7.26	20651537	20651837
chr3	51364012	51365994	1983	552	79	362.86	18.33	7.23	51364414	51364714
chr2	164286199	164287436	1238	507	62	361.81	20.23	7.2	164286556	164286856
chr12	98299572	98300119	548	321	195	361.46	5.58	7.17	98299743	98300043
chr19	6156856	6157937	1082	567	67	360.97	22	7.14	6157273	6157573
chr6	28211102	28212812	1711	858	60	360.23	25.6	7.11	28211810	28212110
chr3	135100765	135101940	1176	610	53	357.94	26.19	7.48	135101225	135101525
chr7	133645418	133647481	2064	1582	75	355.63	16.92	7.45	133646850	133647150
chr13	104709983	104711297	1315	469	52	355.56	36.27	7.42	104710302	104710602
chr8	11634758	11636194	1437	1050	57	355.41	31.16	7.39	11635658	11635958
chr16	30227286	30228070	785	461	55	355.34	28.28	7.36	30227597	30227897
chr5	144288222	144289228	1007	668	51	355.03	37.48	7.34	144288740	144289040
chr7	26491709	26492401	693	240	46	353.27	41.06	7.31	26491799	26492099
chr6	119797605	119798864	1260	686	65	353.22	21.11	7.28	119798141	119798441
chr5	124423180	124424457	1278	269	62	353.2	19.64	7.25	124423299	124423599
chr11	116703803	116705451	1649	375	68	353.06	18.33	7.22	116704028	116704328
chr15	58654318	58655835	1518	736	58	352.99	25.67	7.2	58654904	58655204
chr8	87501052	87503094	2043	1582	86	352.94	15.71	7.17	87502484	87502784
chr5	115979815	115981108	1294	866	73	352.15	22.7	7.14	115980531	115980831
chr11	106649550	106650831	1282	841	61	351.66	28.52	7.12	106650241	106650541
chr10	82397702	82398524	823	404	51	351.54	36.66	7.09	82397956	82398256
chr4	155317036	155318385	1350	878	64	350	36.66	7.06	155317764	155318064
chr3	152058377	152059715	1339	368	57	349.92	21.67	7.04	152058595	152058895
chr1	95374522	95376144	1623	925	65	349.52	15.51	7.01	95375297	95375597
chr5	108494434	108495463	1030	203	47	349.22	49.07	6.99	108494487	108494787
chr9	109020328	109021273	946	565	56	348.24	39.11	6.96	109020743	109021043
chr4	140239649	140241001	1353	614	74	348.12	15.71	6.93	140240113	140240413
chr11	93746358	93748114	1757	759	62	348.11	22	6.91	93746967	93747267
chr13	59923950	59924860	911	561	45	347.1	25.76	6.88	59924361	59924661
chr15	85687119	85687987	869	356	58	346.24	25.46	6.86	85687325	85687625
chr18	5931862	5932550	689	369	52	345.04	27.28	6.79	5932081	5932381
chr8	36028449	36029090	642	357	52	345.04	28.25	6.79	36028656	36028956
chr8	72682289	72683115	827	339	52	345.04	30.32	6.79	72682478	72682778
chr4	32050488	32051429	942	284	50	344.91	25.97	6.76	32050622	32050922
chr6	39067500	39069048	1549	766	62	344.89	23.91	6.74	39068116	39068416
chr16	4678898	4680056	1159	944	62	344.69	19.48	6.71	4679692	4679992
chr13	113253563	113254874	1312	370	55	344.54	21.67	6.69	113253783	113254083
chr12	114393223	114394967	1745	1181	80	344.34	13.51	6.67	114394254	114394554
chr10	30320096	30320808	713	491	41	344.33	44.8	6.64	30320437	30320737
chr8	131208858	131209845	988	701	47	344.18	33.84	6.62	131209409	131209709
chr9	108165469	108167019	1551	725	57	344.07	16.92	6.6	108166044	108166344
chr4	108520179	108521320	1142	509	53	344	25	6.57	108520538	108520838
chr17	7380635	7381264	630	304	52	343.37	22.92	6.55	7380789	7381089
chr2	59449640	59451324	1685	824	64	343.35	23.91	6.53	59450314	59450614
chr6	120594243	120595405	1163	916	56	342.95	26.4	6.51	120595009	120595309
chr19	10175752	10176647	896	452	56	342.61	23.69	6.48	10176054	10176354
chr9	59200999	59201527	529	309	40	341.91	37.44	6.46	59201158	59201458
chr3	84385724	84387184	1461	695	69	340.92	12.86	6.44	84386269	84386569
chr1	95698188	95698899	712	332	46	340.77	28.2	6.42	95698370	95698670
chr4	154460060	154461028	969	466	54	340.45	31.61	6.4	154460376	154460676
chr2	154616048	154617450	1403	423	62	339.37	31.02	6.38	154616321	154616621
chr1	65225464	65226106	643	382	52	339.12	34.83	6.35	65225696	65225996
chr6	143115037	143116639	1603	732	65	338.62	18.67	6.33	143115619	143115919
